{
    "asset": { "generator": "glTF-Transform v3.5.1", "version": "2.0" },
    "accessors": [
        { "type": "SCALAR", "componentType": 5123, "count": 15441 },
        {
            "type": "VEC3",
            "componentType": 5126,
            "count": 3074,
            "max": [19.879009246826172, 99.56295013427734, 13.809906005859375],
            "min": [-20.072765350341797, 22.309755325317383, -9.834091186523438]
        },
        { "type": "VEC4", "componentType": 5123, "count": 3074 },
        { "type": "VEC4", "componentType": 5126, "count": 3074 },
        { "type": "VEC3", "componentType": 5126, "count": 3074 },
        { "type": "VEC2", "componentType": 5126, "count": 3074 },
        { "type": "SCALAR", "componentType": 5123, "count": 19998 },
        { "type": "VEC3", "componentType": 5126, "count": 3654, "max": [63.2936897277832, 146.6732940673828, 18.302165985107422], "min": [-63.247406005859375, 93.1310806274414, -7.4556097984313965] },
        { "type": "VEC4", "componentType": 5123, "count": 3654 },
        { "type": "VEC4", "componentType": 5126, "count": 3654 },
        { "type": "VEC3", "componentType": 5126, "count": 3654 },
        { "type": "VEC2", "componentType": 5126, "count": 3654 },
        { "type": "SCALAR", "componentType": 5123, "count": 59361 },
        {
            "type": "VEC3",
            "componentType": 5126,
            "count": 10641,
            "max": [83.44462585449219, 174.14328002929688, 16.89438247680664],
            "min": [-83.4443130493164, 0.792136013507843, -10.041190147399902]
        },
        { "type": "VEC4", "componentType": 5123, "count": 10641 },
        { "type": "VEC4", "componentType": 5126, "count": 10641 },
        { "type": "VEC3", "componentType": 5126, "count": 10641 },
        { "type": "VEC2", "componentType": 5126, "count": 10641 },
        { "type": "SCALAR", "componentType": 5123, "count": 15912 },
        {
            "type": "VEC3",
            "componentType": 5126,
            "count": 2866,
            "max": [20.139997482299805, 17.09684944152832, 10.826141357421875],
            "min": [-20.139997482299805, -0.1957390010356903, -11.250100135803223]
        },
        { "type": "VEC4", "componentType": 5123, "count": 2866 },
        { "type": "VEC4", "componentType": 5126, "count": 2866 },
        { "type": "VEC3", "componentType": 5126, "count": 2866 },
        { "type": "VEC2", "componentType": 5126, "count": 2866 },
        { "type": "SCALAR", "componentType": 5123, "count": 3072 },
        { "type": "VEC3", "componentType": 5126, "count": 803, "max": [5.724600791931152, 163.9947967529297, 14.566536903381348], "min": [-5.986058235168457, 161.80116271972656, 12.627696990966797] },
        { "type": "VEC4", "componentType": 5123, "count": 803 },
        { "type": "VEC4", "componentType": 5126, "count": 803 },
        { "type": "VEC3", "componentType": 5126, "count": 803 },
        { "type": "VEC2", "componentType": 5126, "count": 803 },
        { "type": "SCALAR", "componentType": 5123, "count": 30879 },
        {
            "type": "VEC3",
            "componentType": 5126,
            "count": 14981,
            "max": [13.501944541931152, 178.10067749023438, 15.641040802001953],
            "min": [-13.172043800354004, 149.74276733398438, -8.323450088500977]
        },
        { "type": "VEC4", "componentType": 5123, "count": 14981 },
        { "type": "VEC4", "componentType": 5126, "count": 14981 },
        { "type": "VEC3", "componentType": 5126, "count": 14981 },
        { "type": "VEC2", "componentType": 5126, "count": 14981 },
        { "type": "MAT4", "componentType": 5126, "count": 13, "bufferView": 0, "byteOffset": 0 },
        { "type": "MAT4", "componentType": 5126, "count": 27, "bufferView": 0, "byteOffset": 832 },
        { "type": "MAT4", "componentType": 5126, "count": 63, "bufferView": 0, "byteOffset": 2560 },
        { "type": "MAT4", "componentType": 5126, "count": 8, "bufferView": 0, "byteOffset": 6592 },
        { "type": "MAT4", "componentType": 5126, "count": 6, "bufferView": 0, "byteOffset": 7104 },
        { "type": "MAT4", "componentType": 5126, "count": 8, "bufferView": 0, "byteOffset": 7488 },
        { "type": "SCALAR", "componentType": 5126, "count": 381, "max": [6.333333492279053], "min": [0], "bufferView": 1, "byteOffset": 0 },
        { "type": "VEC3", "componentType": 5126, "count": 381, "bufferView": 1, "byteOffset": 1524 },
        { "type": "VEC4", "componentType": 5126, "count": 381, "bufferView": 1, "byteOffset": 6096 },
        { "type": "VEC4", "componentType": 5126, "count": 381, "bufferView": 1, "byteOffset": 12192 },
        { "type": "VEC4", "componentType": 5126, "count": 381, "bufferView": 1, "byteOffset": 18288 },
        { "type": "VEC4", "componentType": 5126, "count": 381, "bufferView": 1, "byteOffset": 24384 },
        { "type": "VEC4", "componentType": 5126, "count": 381, "bufferView": 1, "byteOffset": 30480 },
        { "type": "VEC4", "componentType": 5126, "count": 381, "bufferView": 1, "byteOffset": 36576 },
        { "type": "VEC4", "componentType": 5126, "count": 381, "bufferView": 1, "byteOffset": 42672 },
        { "type": "VEC4", "componentType": 5126, "count": 381, "bufferView": 1, "byteOffset": 48768 },
        { "type": "VEC4", "componentType": 5126, "count": 381, "bufferView": 1, "byteOffset": 54864 },
        { "type": "SCALAR", "componentType": 5126, "count": 414, "max": [6.333333492279053], "min": [0], "bufferView": 1, "byteOffset": 60960 },
        { "type": "VEC4", "componentType": 5126, "count": 414, "bufferView": 1, "byteOffset": 62616 },
        { "type": "VEC4", "componentType": 5126, "count": 381, "bufferView": 1, "byteOffset": 69240 },
        { "type": "SCALAR", "componentType": 5126, "count": 1, "max": [0], "min": [0], "bufferView": 1, "byteOffset": 75336 },
        { "type": "VEC4", "componentType": 5126, "count": 1, "bufferView": 1, "byteOffset": 75340 },
        { "type": "VEC4", "componentType": 5126, "count": 1, "bufferView": 1, "byteOffset": 75356 },
        { "type": "VEC4", "componentType": 5126, "count": 381, "bufferView": 1, "byteOffset": 75372 },
        { "type": "VEC4", "componentType": 5126, "count": 1, "bufferView": 1, "byteOffset": 81468 },
        { "type": "VEC4", "componentType": 5126, "count": 1, "bufferView": 1, "byteOffset": 81484 },
        { "type": "VEC4", "componentType": 5126, "count": 381, "bufferView": 1, "byteOffset": 81500 },
        { "type": "VEC4", "componentType": 5126, "count": 1, "bufferView": 1, "byteOffset": 87596 },
        { "type": "VEC4", "componentType": 5126, "count": 1, "bufferView": 1, "byteOffset": 87612 },
        { "type": "VEC4", "componentType": 5126, "count": 381, "bufferView": 1, "byteOffset": 87628 },
        { "type": "VEC4", "componentType": 5126, "count": 1, "bufferView": 1, "byteOffset": 93724 },
        { "type": "VEC4", "componentType": 5126, "count": 1, "bufferView": 1, "byteOffset": 93740 },
        { "type": "VEC4", "componentType": 5126, "count": 381, "bufferView": 1, "byteOffset": 93756 },
        { "type": "VEC4", "componentType": 5126, "count": 1, "bufferView": 1, "byteOffset": 99852 },
        { "type": "VEC4", "componentType": 5126, "count": 1, "bufferView": 1, "byteOffset": 99868 },
        { "type": "VEC4", "componentType": 5126, "count": 381, "bufferView": 1, "byteOffset": 99884 },
        { "type": "VEC4", "componentType": 5126, "count": 381, "bufferView": 1, "byteOffset": 105980 },
        { "type": "VEC4", "componentType": 5126, "count": 381, "bufferView": 1, "byteOffset": 112076 },
        { "type": "VEC4", "componentType": 5126, "count": 381, "bufferView": 1, "byteOffset": 118172 },
        { "type": "VEC4", "componentType": 5126, "count": 381, "bufferView": 1, "byteOffset": 124268 },
        { "type": "VEC4", "componentType": 5126, "count": 1, "bufferView": 1, "byteOffset": 130364 },
        { "type": "VEC4", "componentType": 5126, "count": 1, "bufferView": 1, "byteOffset": 130380 },
        { "type": "VEC4", "componentType": 5126, "count": 381, "bufferView": 1, "byteOffset": 130396 },
        { "type": "VEC4", "componentType": 5126, "count": 1, "bufferView": 1, "byteOffset": 136492 },
        { "type": "VEC4", "componentType": 5126, "count": 1, "bufferView": 1, "byteOffset": 136508 },
        { "type": "VEC4", "componentType": 5126, "count": 381, "bufferView": 1, "byteOffset": 136524 },
        { "type": "VEC4", "componentType": 5126, "count": 1, "bufferView": 1, "byteOffset": 142620 },
        { "type": "VEC4", "componentType": 5126, "count": 1, "bufferView": 1, "byteOffset": 142636 },
        { "type": "VEC4", "componentType": 5126, "count": 381, "bufferView": 1, "byteOffset": 142652 },
        { "type": "VEC4", "componentType": 5126, "count": 1, "bufferView": 1, "byteOffset": 148748 },
        { "type": "VEC4", "componentType": 5126, "count": 1, "bufferView": 1, "byteOffset": 148764 },
        { "type": "VEC4", "componentType": 5126, "count": 381, "bufferView": 1, "byteOffset": 148780 },
        { "type": "VEC4", "componentType": 5126, "count": 1, "bufferView": 1, "byteOffset": 154876 },
        { "type": "VEC4", "componentType": 5126, "count": 1, "bufferView": 1, "byteOffset": 154892 },
        { "type": "VEC4", "componentType": 5126, "count": 381, "bufferView": 1, "byteOffset": 154908 },
        { "type": "VEC4", "componentType": 5126, "count": 381, "bufferView": 1, "byteOffset": 161004 },
        { "type": "VEC4", "componentType": 5126, "count": 381, "bufferView": 1, "byteOffset": 167100 },
        { "type": "VEC4", "componentType": 5126, "count": 381, "bufferView": 1, "byteOffset": 173196 },
        { "type": "VEC4", "componentType": 5126, "count": 381, "bufferView": 1, "byteOffset": 179292 },
        { "type": "VEC4", "componentType": 5126, "count": 381, "bufferView": 1, "byteOffset": 185388 },
        { "type": "VEC4", "componentType": 5126, "count": 381, "bufferView": 1, "byteOffset": 191484 },
        { "type": "VEC4", "componentType": 5126, "count": 381, "bufferView": 1, "byteOffset": 197580 }
    ],
    "bufferViews": [
        { "buffer": 0, "byteOffset": 0, "byteLength": 8000 },
        { "buffer": 0, "byteOffset": 8000, "byteLength": 203676 },
        { "buffer": 0, "byteOffset": 211676, "byteLength": 64865 },
        { "buffer": 0, "byteOffset": 276541, "byteLength": 81390 },
        { "buffer": 0, "byteOffset": 357931, "byteLength": 228945 },
        { "buffer": 0, "byteOffset": 586876, "byteLength": 63626 },
        { "buffer": 0, "byteOffset": 650502, "byteLength": 18562 },
        { "buffer": 0, "byteOffset": 669064, "byteLength": 355179 }
    ],
    "samplers": [{ "magFilter": 9729, "minFilter": 9987, "wrapS": 10497, "wrapT": 10497 }],
    "textures": [
        { "source": 0, "sampler": 0 },
        { "source": 1, "sampler": 0 },
        { "source": 2, "sampler": 0 }
    ],
    "images": [
        { "mimeType": "image/jpeg", "uri": "baseColor_1.jpg" },
        { "mimeType": "image/jpeg", "uri": "normal_1.jpg" },
        { "mimeType": "image/jpeg", "uri": "baseColor_2.jpg" }
    ],
    "buffers": [{ "uri": "fem.bin", "byteLength": 1024243 }],
    "materials": [
        {
            "name": "Ch26_body",
            "pbrMetallicRoughness": {
                "baseColorFactor": [0.6038273590529664, 0.6038273590529664, 0.6038273590529664, 1],
                "roughnessFactor": 0.5,
                "metallicFactor": 0.5,
                "baseColorTexture": { "index": 0 }
            },
            "normalTexture": { "index": 1 }
        },
        {
            "name": "Ch26_hair",
            "alphaMode": "BLEND",
            "pbrMetallicRoughness": {
                "baseColorFactor": [0.6038273590529664, 0.6038273590529664, 0.6038273590529664, 1],
                "roughnessFactor": 0.5,
                "metallicFactor": 0.5,
                "baseColorTexture": { "index": 2 }
            }
        }
    ],
    "meshes": [
        {
            "primitives": [
                {
                    "attributes": { "POSITION": 1, "JOINTS_0": 2, "WEIGHTS_0": 3, "NORMAL": 4, "TEXCOORD_0": 5 },
                    "mode": 4,
                    "material": 0,
                    "indices": 0,
                    "extensions": { "KHR_draco_mesh_compression": { "bufferView": 2, "attributes": { "POSITION": 0, "JOINTS_0": 1, "WEIGHTS_0": 2, "NORMAL": 3, "TEXCOORD_0": 4 } } }
                }
            ]
        },
        {
            "primitives": [
                {
                    "attributes": { "POSITION": 7, "JOINTS_0": 8, "WEIGHTS_0": 9, "NORMAL": 10, "TEXCOORD_0": 11 },
                    "mode": 4,
                    "material": 0,
                    "indices": 6,
                    "extensions": { "KHR_draco_mesh_compression": { "bufferView": 3, "attributes": { "POSITION": 0, "JOINTS_0": 1, "WEIGHTS_0": 2, "NORMAL": 3, "TEXCOORD_0": 4 } } }
                }
            ]
        },
        {
            "primitives": [
                {
                    "attributes": { "POSITION": 13, "JOINTS_0": 14, "WEIGHTS_0": 15, "NORMAL": 16, "TEXCOORD_0": 17 },
                    "mode": 4,
                    "material": 0,
                    "indices": 12,
                    "extensions": { "KHR_draco_mesh_compression": { "bufferView": 4, "attributes": { "POSITION": 0, "JOINTS_0": 1, "WEIGHTS_0": 2, "NORMAL": 3, "TEXCOORD_0": 4 } } }
                }
            ]
        },
        {
            "primitives": [
                {
                    "attributes": { "POSITION": 19, "JOINTS_0": 20, "WEIGHTS_0": 21, "NORMAL": 22, "TEXCOORD_0": 23 },
                    "mode": 4,
                    "material": 0,
                    "indices": 18,
                    "extensions": { "KHR_draco_mesh_compression": { "bufferView": 5, "attributes": { "POSITION": 0, "JOINTS_0": 1, "WEIGHTS_0": 2, "NORMAL": 3, "TEXCOORD_0": 4 } } }
                }
            ]
        },
        {
            "primitives": [
                {
                    "attributes": { "POSITION": 25, "JOINTS_0": 26, "WEIGHTS_0": 27, "NORMAL": 28, "TEXCOORD_0": 29 },
                    "mode": 4,
                    "material": 1,
                    "indices": 24,
                    "extensions": { "KHR_draco_mesh_compression": { "bufferView": 6, "attributes": { "POSITION": 0, "JOINTS_0": 1, "WEIGHTS_0": 2, "NORMAL": 3, "TEXCOORD_0": 4 } } }
                }
            ]
        },
        {
            "primitives": [
                {
                    "attributes": { "POSITION": 31, "JOINTS_0": 32, "WEIGHTS_0": 33, "NORMAL": 34, "TEXCOORD_0": 35 },
                    "mode": 4,
                    "material": 1,
                    "indices": 30,
                    "extensions": { "KHR_draco_mesh_compression": { "bufferView": 7, "attributes": { "POSITION": 0, "JOINTS_0": 1, "WEIGHTS_0": 2, "NORMAL": 3, "TEXCOORD_0": 4 } } }
                }
            ]
        }
    ],
    "nodes": [
        { "name": "AmbientLight", "translation": [17.643164626378876, -5.947420333995979e-11, 14.126315472598193] },
        { "name": "mixamorig1Hips", "extras": { "originalName": "mixamorig1:Hips" } },
        { "name": "mixamorig1Spine", "extras": { "originalName": "mixamorig1:Spine" } },
        { "name": "mixamorig1Spine1", "extras": { "originalName": "mixamorig1:Spine1" } },
        { "name": "mixamorig1Spine1", "extras": { "originalName": "mixamorig1:Spine1" }, "children": [3] },
        { "name": "mixamorig1Spine2", "extras": { "originalName": "mixamorig1:Spine2" } },
        { "name": "mixamorig1Spine2", "extras": { "originalName": "mixamorig1:Spine2" }, "children": [5] },
        { "name": "mixamorig1Spine2", "extras": { "originalName": "mixamorig1:Spine2" }, "children": [6] },
        { "name": "mixamorig1Neck", "extras": { "originalName": "mixamorig1:Neck" } },
        { "name": "mixamorig1Neck", "extras": { "originalName": "mixamorig1:Neck" }, "children": [8] },
        { "name": "mixamorig1Neck", "extras": { "originalName": "mixamorig1:Neck" }, "children": [9] },
        { "name": "mixamorig1Head", "extras": { "originalName": "mixamorig1:Head" } },
        { "name": "mixamorig1Head", "extras": { "originalName": "mixamorig1:Head" }, "children": [11] },
        { "name": "mixamorig1Head", "extras": { "originalName": "mixamorig1:Head" }, "children": [12] },
        { "name": "mixamorig1HeadTop_End", "extras": { "originalName": "mixamorig1:HeadTop_End" } },
        { "name": "mixamorig1HeadTop_End", "extras": { "originalName": "mixamorig1:HeadTop_End" }, "children": [14] },
        {
            "name": "mixamorig1HeadTop_End",
            "extras": {
                "originalName": "mixamorig1:HeadTop_End",
                "transformData": {
                    "inheritType": 1,
                    "eulerOrder": "ZYX",
                    "translation": [0, 24.644973754882812, 6.293531894683838],
                    "rotation": [7.9513867e-16, 0, 0],
                    "parentMatrix": {
                        "elements": [
                            1, 0, 0, 0, 0, 0.9999999999999998, -3.0814879110195774e-33, 0, 0, 3.0814879110195774e-33, 0.9999999999999998, 0, 2.710505431213761e-20, 8.198898315429688, 2.09373390674591,
                            1
                        ]
                    },
                    "parentMatrixWorld": {
                        "elements": [
                            1, 0, 0, 0, 0, 0.9999999999999997, 2.0816681711721676e-17, 0, 0, -2.0816681711721676e-17, 0.9999999999999997, 0, 0.00015640258789062497, 153.28181488218797,
                            1.5965604678881997, 1
                        ]
                    }
                }
            },
            "translation": [0, 24.644973754882784, 6.293531894683838],
            "children": [15]
        },
        {
            "name": "mixamorig1Head",
            "extras": {
                "originalName": "mixamorig1:Head",
                "transformData": {
                    "inheritType": 1,
                    "eulerOrder": "ZYX",
                    "translation": [0, 8.198898315429688, 2.0937339067459106],
                    "scale": [1, 0.9999999999999999, 0.9999999999999999],
                    "parentMatrix": {
                        "elements": [
                            1, 0, 0, 0, 0, 0.9994352000463024, 0.033604775083416444, 0, 0, -0.033604775083416444, 0.9994352000463024, 0, -5.421010862427522e-20, 13.541980797055146,
                            -3.4332520293389734e-7, 1
                        ]
                    },
                    "parentMatrixWorld": {
                        "elements": [
                            1, 0, 0, 0, 0, 0.9999999999999999, 2.0816681711721685e-17, 0, 0, -2.0816681711721685e-17, 0.9999999999999999, 0, 0.00015640258789062495, 145.08291656675829,
                            -0.4971734388577101, 1
                        ]
                    }
                }
            },
            "translation": [2.710505431213761e-20, 8.198898315429688, 2.09373390674591],
            "children": [13, 16]
        },
        {
            "name": "mixamorig1Neck",
            "extras": {
                "originalName": "mixamorig1:Neck",
                "transformData": {
                    "inheritType": 1,
                    "eulerOrder": "ZYX",
                    "translation": [0, 13.541980797055146, -3.433252020457189e-7],
                    "preRotation": [1.9257743565086738, 0, 0],
                    "scale": [1, 0.9999999999999999, 0.9999999999999999],
                    "parentMatrix": { "elements": [1, 0, 0, 0, 0, 1.0000000000000002, 0, 0, 0, 0, 1.0000000000000002, 0, 0, 12.037331685421805, 9.02028496341245e-9, 1] },
                    "parentMatrixWorld": {
                        "elements": [
                            1, 0, 0, 0, 0, 0.9994352000463028, -0.033604775083416444, 0, 0, 0.033604775083416444, 0.9994352000463028, 0, 0.000156402587890625, 131.54858429136766, -0.04209787685743449,
                            1
                        ]
                    }
                }
            },
            "translation": [-5.421010862427522e-20, 13.541980797055146, -3.4332520293389734e-7],
            "rotation": [0.016804760541247705, 0, 0, 0.9998587900414495],
            "children": [10, 17]
        },
        { "name": "mixamorig1LeftShoulder", "extras": { "originalName": "mixamorig1:LeftShoulder" } },
        { "name": "mixamorig1LeftShoulder", "extras": { "originalName": "mixamorig1:LeftShoulder" }, "children": [19] },
        { "name": "mixamorig1LeftShoulder", "extras": { "originalName": "mixamorig1:LeftShoulder" }, "children": [20] },
        { "name": "mixamorig1LeftArm", "extras": { "originalName": "mixamorig1:LeftArm" } },
        { "name": "mixamorig1LeftArm", "extras": { "originalName": "mixamorig1:LeftArm" }, "children": [22] },
        { "name": "mixamorig1LeftForeArm", "extras": { "originalName": "mixamorig1:LeftForeArm" } },
        { "name": "mixamorig1LeftHand", "extras": { "originalName": "mixamorig1:LeftHand" } },
        { "name": "mixamorig1LeftHandThumb1", "extras": { "originalName": "mixamorig1:LeftHandThumb1" } },
        { "name": "mixamorig1LeftHandThumb2", "extras": { "originalName": "mixamorig1:LeftHandThumb2" } },
        { "name": "mixamorig1LeftHandThumb3", "extras": { "originalName": "mixamorig1:LeftHandThumb3" } },
        {
            "name": "mixamorig1LeftHandThumb4",
            "extras": {
                "originalName": "mixamorig1:LeftHandThumb4",
                "transformData": {
                    "inheritType": 1,
                    "eulerOrder": "ZYX",
                    "translation": [0.45962220351012917, 2.3458001662853114, 5.760483645644854e-9],
                    "preRotation": [2.4829437212838965e-8, 0, -3.180554666068664e-15],
                    "scale": [1, 0.9999999999999998, 0.9999999999999998],
                    "parentMatrix": {
                        "elements": [
                            0.9999999999999998, 5.590768817173737e-17, 3.766598380070981e-18, 0, -5.511461429077832e-17, 0.9934897029442897, -0.1139219475942496, 0, -1.0111189427743477e-17,
                            0.11392194759424958, 0.9934897029442895, 0, 0.21486378196863143, 2.981980725907663, -3.1661784305470064e-9, 1
                        ]
                    },
                    "parentMatrixWorld": {
                        "elements": [
                            0.5983374831202244, -0.04117550423030562, -0.8001854998340923, 0, 0.7584836202862556, -0.292782403040401, 0.5822208019534709, 0, -0.2582534686133169, -0.9552921240758075,
                            -0.14395174062137056, 0, 72.65029809975584, 135.9238613395148, 5.580740208854659, 1
                        ]
                    }
                }
            },
            "translation": [0.45962220351012917, 2.3458001662853185, 5.760483645644854e-9]
        },
        {
            "name": "mixamorig1LeftHandThumb3",
            "extras": {
                "originalName": "mixamorig1:LeftHandThumb3",
                "transformData": {
                    "inheritType": 1,
                    "eulerOrder": "ZYX",
                    "translation": [0.21486378196861722, 2.9819807259076594, -3.166206852256437e-9],
                    "preRotation": [-6.541448552882698, 1.5902773407317588e-15, 0],
                    "scale": [0.9999999999999999, 1, 0.9999999999999998],
                    "parentMatrix": {
                        "elements": [
                            1.0000000000000002, 8.065775623554408e-17, 5.942460714827178e-17, 0, -8.587569745822936e-17, 0.9955919182285149, 0.09379089698934892, 0, -5.1597695314243874e-17,
                            -0.09379089698934892, 0.9955919182285149, 0, -0.674485546415653, 3.1587290695756174, 5.2327806088214857e-8, 1
                        ]
                    },
                    "parentMatrixWorld": {
                        "elements": [
                            0.5983374831202245, -0.04117550423030561, -0.8001854998340925, 0, 0.7241249284889021, -0.3997050419200868, 0.5620311089295712, 0, -0.34298009305832416, -0.9157185469974067,
                            -0.20934229971666424, 0, 70.36241046424993, 137.12462119223267, 4.076705156774166, 1
                        ]
                    }
                }
            },
            "translation": [0.21486378196863143, 2.981980725907663, -3.1661784305470064e-9],
            "rotation": [-0.05705390896209598, -3.475107557862267e-18, 2.780086046289814e-17, 0.9983710990769639],
            "children": [28, 29]
        },
        {
            "name": "mixamorig1LeftHandThumb2",
            "extras": {
                "originalName": "mixamorig1:LeftHandThumb2",
                "transformData": {
                    "inheritType": 1,
                    "eulerOrder": "ZYX",
                    "translation": [-0.674485546415653, 3.1587290695756085, 5.232783450992429e-8],
                    "preRotation": [5.381732586303378, -1.5902773407317584e-15, 0],
                    "scale": [1, 1, 0.9999999999999999],
                    "parentMatrix": {
                        "elements": [
                            0.8167734180957722, 0.5769585630633713, 1.5237532763334737e-9, 0, -0.5503514098254289, 0.7791069072843888, 0.3001762027958206, 0, 0.17318922944372903, -0.24517594402715173,
                            0.9538837703174757, 0, -2.8616407359321037, 2.5897987741839685, 1.1852229081787584, 1
                        ]
                    },
                    "parentMatrixWorld": {
                        "elements": [
                            0.5983374831202243, -0.04117550423030552, -0.8001854998340923, 0, 0.7531013371687824, -0.312057045498158, 0.5791880319115298, 0, -0.27355188218680904, -0.9491706791754264,
                            -0.15570609989885945, 0, 68.38713737675631, 138.0825526204119, 1.7074935376832046, 1
                        ]
                    }
                }
            },
            "translation": [-0.674485546415653, 3.1587290695756174, 5.2327806088214857e-8],
            "rotation": [0.04694721382300221, -2.77862134820059e-17, 4.1679320223008845e-17, 0.9988973716625033],
            "children": [27, 30]
        },
        {
            "name": "mixamorig1LeftHandThumb1",
            "extras": {
                "originalName": "mixamorig1:LeftHandThumb1",
                "transformData": {
                    "inheritType": 1,
                    "eulerOrder": "ZYX",
                    "translation": [-2.861640735932105, 2.5897987741839614, 1.1852229081787584],
                    "preRotation": [17.468186575813608, -8.730463180538104e-8, 35.23690726107674],
                    "scale": [1.0000000000000007, 1.0000000000000002, 1.0000000000000002],
                    "parentMatrix": {
                        "elements": [
                            0.9997538729942218, -0.021439215860879268, 0.005705563629000944, 0, 0.020894474097191532, 0.9963565606274267, 0.08268630507457335, 0, -0.0074575052970646165,
                            -0.08254673899043047, 0.9965592915109415, 0, 2.4711496404705713e-8, 23.202796565606533, 2.9537261525547365e-9, 1
                        ]
                    },
                    "parentMatrixWorld": {
                        "elements": [
                            0.026859528921856106, -0.026276160933107206, -0.9992938151878623, 0, 0.9990307291168612, -0.03416854205877266, 0.02775091014378995, 0, -0.03487360013429644,
                            -0.9990706051627155, 0.025332941271748812, 0, 65.91804413099791, 139.27997070436814, -1.2540208064230898, 1
                        ]
                    }
                }
            },
            "translation": [-2.8616407359321037, 2.5897987741839685, 1.1852229081787584],
            "rotation": [0.1447262420001184, 0.04596117620106568, 0.2991669454240036, 0.9420408822999186],
            "children": [26, 31]
        },
        { "name": "mixamorig1LeftHandIndex1", "extras": { "originalName": "mixamorig1:LeftHandIndex1" } },
        {
            "name": "mixamorig1LeftHandIndex4",
            "extras": {
                "originalName": "mixamorig1:LeftHandIndex4",
                "transformData": {
                    "inheritType": 1,
                    "eulerOrder": "ZYX",
                    "translation": [-0.009233649929368148, 2.4755566930812307, -8.947736773734505e-8],
                    "preRotation": [-0.000002354365124291694, -1.490885034990669e-16, -1.1131941594596995e-14],
                    "scale": [1.0000000000000002, 1, 1.0000000000000002],
                    "parentMatrix": {
                        "elements": [
                            1, 6.8444769475838634e-18, 2.470538605205778e-18, 0, -7.033310860230591e-18, 0.9962153402337681, 0.08691947930652323, 0, -1.8662700847362416e-18, -0.0869194793065232,
                            0.9962153402337678, 0, -0.0032737541982616747, 2.882676124746979, -1.614867528587638e-8, 1
                        ]
                    },
                    "parentMatrixWorld": {
                        "elements": [
                            0.08146095073024376, -0.028105663070942172, -0.9962801740521933, 0, 0.9503982495673304, -0.2988694488703949, 0.08614069741567293, 0, -0.3001787479577407,
                            -0.9538800366058867, 0.0023653835363462187, 0, 80.0007845569186, 138.19157702284085, 2.766823087932903, 1
                        ]
                    }
                }
            },
            "translation": [-0.009233649929367982, 2.475556693081238, -8.947736773734505e-8]
        },
        {
            "name": "mixamorig1LeftHandIndex3",
            "extras": {
                "originalName": "mixamorig1:LeftHandIndex3",
                "transformData": {
                    "inheritType": 1,
                    "eulerOrder": "ZYX",
                    "translation": [-0.0032737541982617024, 2.8826761247469648, -1.614870370758581e-8],
                    "preRotation": [4.98641153406535, 0, 7.951386703658792e-16],
                    "scale": [1, 1, 0.9999999999999998],
                    "parentMatrix": {
                        "elements": [
                            1, -3.469446951953614e-17, -3.0252937771603877e-18, 0, 3.469446951953614e-17, 0.9849077175118213, 0.17308029346420245, 0, -3.0252937771603877e-18, -0.17308029346420245,
                            0.9849077175118213, 0, 0.01250736969929242, 3.0831699440532105, -1.438996832803241e-8, 1
                        ]
                    },
                    "parentMatrixWorld": {
                        "elements": [
                            0.08146095073024376, -0.02810566307094217, -0.9962801740521933, 0, 0.9728926960216672, -0.2148275735892283, 0.08560908627858928, 0, -0.21643455254144386,
                            -0.9762475020859758, 0.009843735930915568, 0, 77.19651668979054, 138.81076331336627, 2.5167782426127245, 1
                        ]
                    }
                }
            },
            "translation": [-0.0032737541982616747, 2.882676124746979, -1.614867528587638e-8],
            "rotation": [0.043500918187043054, -1.0852294647827394e-18, 3.472734287304764e-18, 0.9990533870203756],
            "children": [34]
        },
        {
            "name": "mixamorig1LeftHandIndex2",
            "extras": {
                "originalName": "mixamorig1:LeftHandIndex2",
                "transformData": {
                    "inheritType": 1,
                    "eulerOrder": "ZYX",
                    "translation": [0.012507369699294113, 3.0831699440532105, -1.438993990632298e-8],
                    "preRotation": [9.966962368267039, 1.987846675914698e-16, -7.951386703658792e-16],
                    "scale": [1, 0.9999999999999998, 0.9999999999999999],
                    "parentMatrix": {
                        "elements": [
                            0.9985031278127683, 0.05469464094515575, -1.9490124659039655e-9, 0, -0.054691935168057954, 0.9984537316111978, 0.00994676124410557, 0, 0.0005440364808123141,
                            -0.00993187210725097, 0.9999505297467238, 0, -3.296736856278903, 8.309129279719741, 0.1403082598960168, 1
                        ]
                    },
                    "parentMatrixWorld": {
                        "elements": [
                            0.08146095073024379, -0.028105663070942172, -0.9962801740521933, 0, 0.9956700804922888, -0.04261613100763436, 0.082613293061211, 0, -0.044779507797676574,
                            -0.9986961184871417, 0.024512417263807616, 0, 74.12567776055246, 138.9425076011683, 2.2745282652808183, 1
                        ]
                    }
                }
            },
            "translation": [0.01250736969929242, 3.0831699440532105, -1.438996832803241e-8],
            "rotation": [0.0868685285019227, 0, -1.7413059881021397e-17, 0.9962197843628235],
            "children": [35]
        },
        {
            "name": "mixamorig1LeftHandIndex1",
            "extras": {
                "originalName": "mixamorig1:LeftHandIndex1",
                "transformData": {
                    "inheritType": 1,
                    "eulerOrder": "ZYX",
                    "translation": [-3.2967368562789034, 8.309129279719734, 0.1403082598960168],
                    "preRotation": [0.5699168371193005, 1.1167018840600323e-7, 3.135336643716771],
                    "scale": [1.0000000000000004, 1.0000000000000002, 1.0000000000000004],
                    "parentMatrix": {
                        "elements": [
                            0.9997538729942218, -0.021439215860879268, 0.005705563629000944, 0, 0.020894474097191532, 0.9963565606274267, 0.08268630507457335, 0, -0.0074575052970646165,
                            -0.08254673899043047, 0.9965592915109415, 0, 2.4711496404705713e-8, 23.202796565606533, 2.9537261525547365e-9, 1
                        ]
                    },
                    "parentMatrixWorld": {
                        "elements": [
                            0.026859528921856106, -0.026276160933107206, -0.9992938151878623, 0, 0.9990307291168612, -0.03416854205877266, 0.02775091014378995, 0, -0.03487360013429644,
                            -0.9990706051627155, 0.025332941271748812, 0, 65.91804413099791, 139.27997070436814, -1.2540208064230898, 1
                        ]
                    }
                }
            },
            "translation": [-3.296736856278903, 8.309129279719741, 0.1403082598960168],
            "rotation": [0.004971580604964699, 0.00013606221606213945, 0.027357221728265182, 0.9996133488967984],
            "children": [33, 36]
        },
        { "name": "mixamorig1LeftHandMiddle1", "extras": { "originalName": "mixamorig1:LeftHandMiddle1" } },
        {
            "name": "mixamorig1LeftHandMiddle4",
            "extras": {
                "originalName": "mixamorig1:LeftHandMiddle4",
                "transformData": {
                    "inheritType": 1,
                    "eulerOrder": "ZYX",
                    "translation": [-0.004412129425452216, 2.686665131153539, -1.067064658855088e-8],
                    "preRotation": [-0.000001195080529204524, -9.939232983949372e-16, 4.3732625129377235e-15],
                    "scale": [1, 1.0000000000000002, 1],
                    "parentMatrix": {
                        "elements": [
                            1, -1.3877787807814457e-17, 2.4883329417279016e-19, 0, 1.3877787807814457e-17, 0.9993572132939417, -0.03584913161245483, 0, 2.488332941727901e-19, 0.03584913161245482,
                            0.9993572132939414, 0, -0.00791494511429891, 3.098505752697079, 4.1993473587353947e-8, 1
                        ]
                    },
                    "parentMatrixWorld": {
                        "elements": [
                            0.05640462940072299, -0.027275553445721322, -0.9980353510604705, 0, 0.970515324888237, -0.23313521145075883, 0.061220726383214165, 0, -0.23434701179926634,
                            -0.9720617353676868, 0.013321437411741424, 0, 80.64075365155892, 138.2162199826259, 0.2580211084689522, 1
                        ]
                    }
                }
            },
            "translation": [-0.004412129425452549, 2.686665131153539, -1.0670675010260311e-8]
        },
        {
            "name": "mixamorig1LeftHandMiddle3",
            "extras": {
                "originalName": "mixamorig1:LeftHandMiddle3",
                "transformData": {
                    "inheritType": 1,
                    "eulerOrder": "ZYX",
                    "translation": [-0.007914945114299354, 3.098505752697072, 4.1993473587353947e-8],
                    "preRotation": [-2.054444149264608, 9.939233379573492e-17, -3.975693351829397e-16],
                    "parentMatrix": {
                        "elements": [
                            1, 7.046501698657384e-18, -6.4993799871596155e-21, 0, -6.831286109157073e-18, 0.9696832024544572, 0.2443654780808212, 0, 1.7282240959896475e-18, -0.2443654780808212,
                            0.9696832024544572, 0, 0.012327078327763696, 3.2508710265017697, 1.8816876945493277e-9, 1
                        ]
                    },
                    "parentMatrixWorld": {
                        "elements": [
                            0.056404629400723, -0.027275553445721325, -0.9980353510604705, 0, 0.9614903536703956, -0.26783292432275163, 0.061658936477200416, 0, -0.2689885082693001,
                            -0.963079212127929, 0.011118164691345642, 0, 77.66201671039012, 139.04588599533616, 0.059071143596498954, 1
                        ]
                    }
                }
            },
            "translation": [-0.00791494511429891, 3.098505752697079, 4.1993473587353947e-8],
            "rotation": [-0.017927446918876884, 0, -6.940009229947256e-18, 0.9998392904096993],
            "children": [39]
        },
        {
            "name": "mixamorig1LeftHandMiddle2",
            "extras": {
                "originalName": "mixamorig1:LeftHandMiddle2",
                "transformData": {
                    "inheritType": 1,
                    "eulerOrder": "ZYX",
                    "translation": [0.012327078327764474, 3.2508710265017697, 1.8816876945493277e-9],
                    "preRotation": [14.144338566718503, 0, 0],
                    "scale": [1, 1, 1.0000000000000002],
                    "parentMatrix": {
                        "elements": [
                            0.9995622522601697, 0.029585534583252283, 2.601766826884188e-10, 0, -0.02958433276203621, 0.9995216482016869, -0.009013436148816075, 0, -0.0002666675869469611,
                            0.009009490529816673, 0.9999593781593289, 0, -0.9067230777494638, 8.52734664894075, -0.11312145401510065, 1
                        ]
                    },
                    "parentMatrixWorld": {
                        "elements": [
                            0.056404629400722994, -0.027275553445721325, -0.9980353510604705, 0, 0.9980725506976522, -0.024369775678686076, 0.057072739352965654, 0, -0.02587858817725807,
                            -0.9993308552314393, 0.02584841303352618, 0, 74.41671626874442, 139.12544522277653, -0.11416211127138354, 1
                        ]
                    }
                }
            },
            "translation": [0.012327078327763696, 3.2508710265017697, 1.8816876945493277e-9],
            "rotation": [0.12311944920592942, 4.370056698766206e-19, 3.496045359012965e-18, 0.9923918587066445],
            "children": [40]
        },
        {
            "name": "mixamorig1LeftHandMiddle1",
            "extras": {
                "originalName": "mixamorig1:LeftHandMiddle1",
                "transformData": {
                    "inheritType": 1,
                    "eulerOrder": "ZYX",
